1097, N.EWONE,    0375.00,    012353,      012413,	15.75, 19.65
1479, S.AMSMART,  0700.00,    053679,      053723,	12.00, 12.99
1908, A.RHOUSE,   0910.46,    155994,      156043,	09.50, 12.90
2089, R.UDY,      0600.00,    169890,      169925,	11.99, 18.96
2102, H.ITHERE,   1250.60,    112000,      112072,	07.75, 22.95
3655, M.YPOOL,    1770.00,    000098,      000128,	12.00, 23.00
3976, B.AYSTICK,  0803.70,    145675,      145715,	11.50, 18.75
5565, B.ASBAL,    1375.03,    086732,      086769,	12.50, 12.95
6266, M.AYDAY,    0275.25,    134987,      135054,	07.95, 19.00
6479, I.NNAR,     0850.50,    200121,      200199,	13.95, 22.75
6731, M.IPROGRAM, 1000.00,    009000,      010050,	08.00, 15.00